38
				HGW Hogwarts	GTH Gotham	NNA Narnia	ASG Asgard	TSH The_Shire	MlD Malgudi	RVD Rivendale	DGA Diagon_Alley	SWF Swallow_Falls	KGL King's_Landing	PDA Pandora	LPT Lilliput	JSP Jurassic_Park	CTP Central_Perk	DGS Dragonstone	MDE Middle_Earth	TTN Tattooine	NBO Naboo	SND Sunnydale	MTP Metropolis	BDR Bedrock	SPK South_Park	ATL Atlantis	WVL Whoville	MRD Mordor	MTO Mount_Olympus	HWT Halloween_Town	VLH Valhalla	MDG Midgar	CLC Cloud_City	SPF Springfield	END Endor	WKD Wakanda	NVL Neverland	DST Distopia	TRB Terabithia	LBR Labyrinth	LCD Los_Cagida
HGW Hogwarts 		0	30	13	28	29	7	6	43	2	21	18	39	-1	29	27	33	23	7	7	16	7	15	3	35	30	4	35	33	10	9	36	21	26	-1	37	6	49	5
GTH Gotham			44	0	29	25	24	16	43	-1	-1	50	8	33	44	17	-1	8	17	22	41	7	24	17	8	22	5	4	3	40	27	44	21	20	17	33	6	-1	23	4
NNA Narnia			33	20	0	47	-1	-1	-1	35	-1	44	19	34	45	12	37	-1	37	26	-1	15	7	22	-1	-1	25	-1	15	18	-1	45	5	-1	15	-1	38	8	41	34
ASG Asgard			23	-1	20	0	11	-1	31	29	4	21	43	9	50	32	35	46	39	49	5	28	21	12	10	39	36	44	37	27	32	10	34	8	30	18	41	17	43	-1
TSH The_Shire		23	41	28	39	0	18	-1	-1	-1	17	36	23	30	33	30	42	1	28	39	2	12	-1	8	14	27	14	47	27	44	18	26	37	34	-1	39	6	4	31
MLD Malgudi			18	45	20	48	37	0	39	9	30	16	-1	-1	6	-1	32	29	49	50	-1	2	32	-1	-1	35	9	39	25	23	31	21	10	44	31	-1	5	19	44	19
RVD Rivendale		20	21	7	28	35	-1	0	22	34	29	20	7	42	-1	29	42	2	7	44	9	18	44	12	-1	41	13	-1	22	37	-1	16	-1	6	7	44	50	39	29
DGA Diagon_Alley	-1	23	17	8	5	43	-1	0	49	40	34	20	17	8	20	28	42	20	42	2	39	30	43	20	34	48	21	16	24	21	46	-1	-1	37	33	23	39	37
SWF Swallow_Falls	8	40	11	3	3	49	27	1	0	2	47	-1	11	25	31	37	41	26	48	22	36	24	29	23	10	20	35	-1	16	20	47	30	42	40	26	3	1	23
KGL King's_Landing	2	8	-1	25	-1	3	25	-1	7	0	23	-1	42	10	46	42	12	-1	6	31	2	19	1	14	31	3	2	20	41	33	19	38	17	7	26	28	10	39
PDA Pandora			-1	28	10	35	15	40	16	-1	40	9	0	26	19	49	-1	-1	20	44	33	1	8	41	-1	14	50	32	27	30	8	42	-1	38	48	19	3	19	24	14
LPT Lilliput		45	48	47	29	48	19	7	29	18	-1	31	0	-1	22	13	39	20	-1	6	29	25	42	5	38	34	16	20	24	9	15	6	35	-1	13	1	26	27	20
JSP Jurassic_Park	43	14	43	15	48	-1	49	22	-1	22	6	42	0	9	10	17	17	26	41	26	34	-1	-1	20	-1	-1	22	50	-1	43	38	19	28	15	10	49	8	-1
CTP Central_Perk	47	29	35	34	1	31	31	33	48	10	-1	49	37	0	19	22	17	46	30	9	-1	19	8	42	43	49	12	3	25	9	10	21	32	12	34	3	4	6
DGS Dragonstone		6	24	30	39	1	47	10	19	25	8	33	43	-1	44	0	39	8	-1	14	49	6	2	38	43	-1	40	33	9	-1	19	31	9	40	46	7	-1	8	-1
MDE Middle_Earth	1	18	7	-1	23	-1	21	38	27	24	31	19	24	37	46	0	35	17	-1	22	33	-1	42	-1	-1	14	8	48	24	24	25	48	44	-1	13	37	28	-1
TTN Tattooine		-1	-1	31	40	49	47	11	-1	21	17	-1	37	-1	-1	17	16	0	-1	46	3	16	-1	-1	-1	40	12	23	26	-1	-1	30	39	2	22	2	4	4	7
NBO Naboo			-1	22	20	-1	28	48	37	39	-1	46	-1	33	40	31	24	42	36	0	11	21	44	17	38	36	2	16	8	6	28	7	47	45	3	27	-1	3	17	21
SND Sunnydale		21	35	5	-1	12	26	15	-1	6	41	17	19	4	41	19	14	-1	-1	0	20	36	26	2	12	-1	-1	16	-1	-1	46	13	-1	27	12	26	44	14	48
MTP Metropolis		26	-1	19	-1	46	10	26	44	12	32	8	7	49	5	29	1	13	12	40	0	-1	36	39	48	22	31	13	29	19	15	25	9	-1	6	17	29	21	25
BDR Bedrock			26	13	14	22	-1	41	33	6	32	37	30	-1	21	8	14	16	26	38	19	10	0	-1	7	30	24	12	1	-1	22	46	14	49	18	14	21	-1	10	12
SPK South_Park		2	13	17	27	44	16	47	48	46	27	-1	48	31	29	49	48	-1	-1	39	33	9	0	-1	47	5	6	20	34	18	-1	6	17	45	11	34	4	-1	32
ATL Atlantis		22	28	5	43	43	26	40	23	15	41	16	1	42	4	8	43	26	5	7	-1	4	-1	0	39	-1	30	-1	-1	42	-1	35	12	43	28	5	46	28	39
WVL Whoville		17	16	-1	9	48	37	-1	46	10	6	45	-1	21	49	4	30	13	11	15	-1	24	28	-1	0	-1	15	2	36	26	17	-1	25	-1	-1	50	48	17	47
MRD Mordor			11	17	-1	-1	11	-1	46	20	-1	6	-1	22	29	4	24	8	38	10	28	12	-1	22	9	-1	0	43	46	36	32	48	23	-1	-1	4	45	15	19	21
MTO Mount_Olympus	33	48	36	-1	9	43	44	44	32	45	16	16	29	32	-1	38	-1	13	22	3	41	28	10	-1	22	0	40	14	9	11	25	4	27	31	35	29	35	5
HWT Haloween_Town	25	39	41	41	39	27	46	17	28	13	23	-1	1	9	38	48	16	34	24	-1	25	7	38	29	44	-1	0	-1	28	44	38	-1	3	31	-1	23	-1	-1
VLH Valhalla		13	7	4	32	6	11	-1	35	29	-1	-1	2	17	5	10	39	50	43	34	-1	22	-1	33	49	32	34	-1	0	28	-1	15	9	10	27	47	34	11	-1
MDG Midgar			-1	-1	23	44	5	15	-1	24	-1	2	25	41	47	7	50	19	15	13	11	15	-1	22	36	44	-1	4	18	43	0	42	49	29	49	50	21	8	-1	1
CLC Cloud_City		40	19	7	-1	26	20	39	43	7	25	19	5	21	36	-1	49	45	-1	-1	47	2	17	5	-1	45	26	31	49	21	0	10	42	42	38	47	24	49	22
SPF Springfield	34	-1	29	26	48	38	41	31	5	38	22	17	-1	22	18	26	35	23	41	23	20	-1	34	20	38	-1	32	23	25	21	0	26	10	27	-1	-1	17	50
END Endor			5	44	18	5	-1	5	15	33	34	-1	-1	16	17	30	13	3	35	46	-1	41	-1	14	-1	7	44	44	3	-1	49	24	20	0	44	-1	22	3	49	49
WKD Wakanda			41	49	38	7	8	-1	7	19	-1	10	2	36	-1	-1	46	10	4	4	3	-1	-1	-1	40	-1	4	29	5	30	22	-1	41	24	0	19	21	21	29	21
NVL Neverland		-1	42	25	-1	16	30	28	17	43	38	50	25	28	4	22	-1	-1	36	-1	-1	-1	3	31	8	8	47	4	28	29	45	32	31	36	0	36	-1	23	41
DST Distopia		-1	3	16	27	-1	5	-1	-1	46	21	34	4	-1	30	32	1	6	36	20	33	10	-1	22	6	12	5	43	47	16	30	4	33	37	-1	0	47	33	16
TRB Terabithia		6	-1	7	40	34	-1	31	44	10	48	20	36	28	-1	36	4	19	-1	44	18	10	-1	26	34	5	6	40	22	14	45	41	37	-1	21	36	0	6	6
LBR Labyrinth		44	24	-1	49	16	-1	35	3	45	21	17	40	17	46	36	19	-1	17	24	28	-1	11	9	40	-1	-1	50	50	5	41	40	13	30	46	-1	-1	0	17
LCD Los_Cagida		46	8	33	11	17	38	22	46	23	-1	18	43	24	47	-1	-1	35	7	28	10	1	30	-1	18	5	25	9	41	42	29	17	14	30	-1	39	33	32	0
